3 0.35234375 0.165625 0.0421875 0.046875
3 0.253125 0.225 0.046875 0.04375
4 0.353125 0.28984375 0.090625 0.3109375
4 0.44765625 0.290625 0.0765625 0.271875
4 0.528125 0.29296875 0.084375 0.3078125
4 0.6109375 0.334375 0.08125 0.3125
4 0.26640625 0.34609375 0.0984375 0.3078125
4 0.20234375 0.3484375 0.0484375 0.16875
3 0.16484375 0.35234375 0.0515625 0.0671875
4 0.67890625 0.36171875 0.0703125 0.3296875
4 0.16796875 0.40234375 0.0796875 0.1765625
3 0.7765625 0.44375 0.059375 0.071875
3 0.1359375 0.45859375 0.05625 0.0734375
3 0.28046875 0.52265625 0.0578125 0.0828125
3 0.728125 0.57109375 0.0625 0.0796875
3 0.3640625 0.57890625 0.059375 0.0859375
4 0.17421875 0.58984375 0.1390625 0.3578125
3 0.5 0.59296875 0.053125 0.0953125
4 0.265625 0.671875 0.11875 0.396875
4 0.3734375 0.73046875 0.128125 0.4078125
4 0.69375 0.74296875 0.11875 0.4234375
4 0.5015625 0.76171875 0.1375 0.4546875