0 0.359375 0.31015625 0.146875 0.0859375
0 0.56484375 0.31171875 0.1609375 0.0890625
3 0.88203125 0.321875 0.2328125 0.271875
3 0.18203125 0.3234375 0.2296875 0.23125
4 0.3734375 0.38359375 0.25625 0.5921875
0 0.18984375 0.4703125 0.1515625 0.075
4 0.54921875 0.52265625 0.2796875 0.9046875
4 0.8765625 0.578125 0.24375 0.790625
4 0.18359375 0.59765625 0.3390625 0.7734375
3 0.78671875 0.096875 0.2953125 0.1875
3 0.35703125 0.18515625 0.1921875 0.1984375
3 0.5671875 0.19375 0.24375 0.259375
0 0.7671875 0.21171875 0.1875 0.1109375