4 0.17109375 0.534375 0.1890625 0.721875
4 0.3 0.51484375 0.14375 0.8078125
4 0.39921875 0.48359375 0.1328125 0.8734375
4 0.6515625 0.54453125 0.134375 0.5546875
4 0.78046875 0.5625 0.1234375 0.625
4 0.89921875 0.59296875 0.0765625 0.3203125
4 0.96484375 0.56953125 0.0671875 0.2890625
4 0.7046875 0.584375 0.046875 0.34375
5 0.209375 0.4453125 0.0875 0.240625
5 0.30546875 0.409375 0.1390625 0.2625
5 0.4078125 0.37890625 0.109375 0.3609375
5 0.503125 0.34140625 0.140625 0.3609375
5 0.6421875 0.475 0.090625 0.1875
5 0.70390625 0.528125 0.0515625 0.128125
5 0.7796875 0.4515625 0.103125 0.209375
5 0.8984375 0.53359375 0.05 0.0953125
5 0.96640625 0.52890625 0.0453125 0.0921875
3 0.20546875 0.23671875 0.0703125 0.0796875
3 0.2875 0.1640625 0.08125 0.084375
3 0.42265625 0.084375 0.0859375 0.115625
3 0.646875 0.3296875 0.053125 0.059375
3 0.7734375 0.30390625 0.053125 0.0734375
3 0.89296875 0.46796875 0.0296875 0.0390625