4 0.0859375 0.5421875 0.171875 0.61875
4 0.31796875 0.52421875 0.1390625 0.4953125
4 0.48359375 0.52109375 0.0890625 0.3078125
4 0.678125 0.52265625 0.090625 0.4140625
4 0.903125 0.51640625 0.125 0.6453125
3 0.10703125 0.303125 0.1078125 0.140625
3 0.48359375 0.38359375 0.0328125 0.0421875
3 0.68125 0.34375 0.04375 0.040625
3 0.8875 0.23984375 0.08125 0.0671875
3 0.3296875 0.3046875 0.05 0.053125
5 0.09921875 0.4046875 0.1453125 0.240625
5 0.31875 0.434375 0.09375 0.178125
5 0.475 0.47734375 0.0625 0.1203125
5 0.690625 0.459375 0.075 0.15
5 0.89765625 0.40546875 0.1171875 0.2328125