5 0.1515625 0.5171875 0.140625 0.2375
5 0.159375 0.21796875 0.05625 0.0984375
5 0.42734375 0.221875 0.0453125 0.08125
5 0.40625 0.14921875 0.053125 0.1046875
5 0.6578125 0.24609375 0.059375 0.1046875
5 0.865625 0.27109375 0.05625 0.1265625
5 0.809375 0.1984375 0.04375 0.084375
3 0.16640625 0.33125 0.0765625 0.065625
3 0.159375 0.15 0.028125 0.028125
3 0.65078125 0.16875 0.0359375 0.034375
3 0.8828125 0.184375 0.04375 0.0375
3 0.80625 0.13828125 0.03125 0.0328125
4 0.171875 0.5953125 0.196875 0.609375
4 0.16171875 0.21171875 0.0765625 0.1640625
4 0.2453125 0.20390625 0.034375 0.0640625
4 0.66015625 0.22890625 0.0984375 0.1859375
4 0.4234375 0.12890625 0.053125 0.1546875
4 0.42578125 0.278125 0.0671875 0.228125
4 0.80625 0.22265625 0.05625 0.2203125
4 0.87265625 0.321875 0.0921875 0.33125
5 0.2453125 0.21171875 0.021875 0.0203125
5 0.5171875 0.25078125 0.03125 0.0671875
4 0.50546875 0.27578125 0.0984375 0.2171875