4 0.17421875 0.55546875 0.2078125 0.8828125
4 0.34609375 0.59375 0.2015625 0.80625
4 0.525 0.5125 0.240625 0.965625
4 0.7125 0.5328125 0.196875 0.93125
4 0.8765625 0.5296875 0.178125 0.9375
5 0.1703125 0.47578125 0.184375 0.4015625
5 0.71484375 0.4890625 0.1765625 0.434375
5 0.87578125 0.43984375 0.1765625 0.4140625
3 0.71328125 0.13203125 0.1046875 0.1265625
2 0.196875 0.18359375 0.090625 0.1328125
2 0.3640625 0.2671875 0.08125 0.1125
2 0.53203125 0.096875 0.0953125 0.134375
2 0.8609375 0.13359375 0.09375 0.1421875