3 0.228125 0.29609375 0.103125 0.1359375
3 0.3515625 0.21484375 0.084375 0.1109375
3 0.41640625 0.25625 0.0640625 0.084375
3 0.51328125 0.3171875 0.0953125 0.084375
3 0.62734375 0.19609375 0.0828125 0.0953125
3 0.728125 0.2140625 0.115625 0.121875
5 0.19453125 0.565625 0.1578125 0.378125
5 0.31484375 0.43125 0.1359375 0.321875
5 0.4234375 0.471875 0.121875 0.2875
5 0.5265625 0.546875 0.159375 0.309375
5 0.63515625 0.434375 0.1609375 0.30625
5 0.765625 0.48046875 0.171875 0.3453125
4 0.1875 0.60703125 0.18125 0.7671875
4 0.33203125 0.571875 0.1484375 0.828125
4 0.4359375 0.59296875 0.14375 0.7671875
4 0.52734375 0.6296875 0.1953125 0.709375
4 0.63515625 0.56015625 0.1765625 0.8203125
4 0.75703125 0.56875 0.1921875 0.825