4 0.16171875 0.57578125 0.2328125 0.7203125
4 0.36484375 0.54609375 0.1421875 0.5609375
4 0.46796875 0.51484375 0.2453125 0.8078125
3 0.2015625 0.26328125 0.084375 0.0734375
3 0.3703125 0.30859375 0.078125 0.0828125
3 0.41875 0.17421875 0.103125 0.1046875
5 0.18203125 0.45625 0.1890625 0.2875
5 0.37421875 0.4859375 0.1421875 0.253125
5 0.48359375 0.41328125 0.1734375 0.3421875
0 0.2125 0.30234375 0.040625 0.0296875
0 0.37578125 0.3453125 0.0421875 0.01875
0 0.41171875 0.22265625 0.0359375 0.0296875