4 0.128125 0.57421875 0.2375 0.7421875
4 0.31953125 0.52421875 0.2265625 0.8421875
4 0.48359375 0.5875 0.1765625 0.784375
4 0.6890625 0.55 0.215625 0.796875
4 0.8015625 0.7140625 0.31875 0.553125
5 0.12578125 0.6078125 0.2296875 0.478125
5 0.31015625 0.53671875 0.2265625 0.4765625
5 0.50546875 0.56796875 0.1765625 0.4296875
5 0.68671875 0.571875 0.2109375 0.48125
5 0.8390625 0.8421875 0.21875 0.290625
3 0.165625 0.29375 0.15 0.171875
3 0.73203125 0.23359375 0.1140625 0.1484375
3 0.76015625 0.54375 0.1578125 0.18125