3 0.275 0.2234375 0.078125 0.121875
3 0.44609375 0.22109375 0.0734375 0.0921875
3 0.34296875 0.228125 0.0421875 0.0875
3 0.5203125 0.17265625 0.0625 0.0765625
3 0.58828125 0.2203125 0.0515625 0.084375
3 0.22578125 0.24140625 0.0234375 0.0421875
3 0.14609375 0.2234375 0.0171875 0.025
3 0.11953125 0.2328125 0.0234375 0.03125
3 0.01484375 0.24765625 0.0203125 0.0265625
3 0.0765625 0.2421875 0.025 0.034375
3 0.18359375 0.22890625 0.0671875 0.0765625
3 0.6421875 0.190625 0.06875 0.103125
3 0.71953125 0.23203125 0.0921875 0.1140625
4 0.2640625 0.56015625 0.13125 0.8015625
4 0.4515625 0.55625 0.15 0.76875
4 0.53984375 0.50546875 0.1328125 0.7421875
4 0.6390625 0.5296875 0.10625 0.771875
4 0.74375 0.58203125 0.1875 0.8046875
4 0.1734375 0.51796875 0.09375 0.6578125
4 0.084375 0.32734375 0.05 0.2296875
4 0.3375 0.265625 0.05 0.140625
4 0.0234375 0.33515625 0.040625 0.2234375
4 0.0546875 0.3265625 0.0375 0.20625