4 0.2140625 0.68671875 0.228125 0.5953125
4 0.3921875 0.74765625 0.165625 0.4859375
4 0.55 0.67734375 0.20625 0.5890625
4 0.76484375 0.66953125 0.2328125 0.6359375
5 0.228125 0.71640625 0.196875 0.3828125
5 0.3953125 0.82265625 0.175 0.3296875
5 0.53125 0.6921875 0.178125 0.353125
5 0.7765625 0.7484375 0.2375 0.446875
3 0.246875 0.43671875 0.128125 0.1296875
3 0.3890625 0.55390625 0.1 0.1078125
3 0.5125 0.43671875 0.09375 0.1109375
3 0.7390625 0.4203125 0.15625 0.14375
0 0.25390625 0.48359375 0.0703125 0.0328125
0 0.7375 0.459375 0.08125 0.046875