3 0.01328125 0.39921875 0.0265625 0.0359375
3 0.14921875 0.603125 0.0203125 0.046875
3 0.20078125 0.48671875 0.0296875 0.0359375
3 0.23828125 0.74140625 0.0359375 0.0453125
3 0.5546875 0.8890625 0.034375 0.040625
3 0.9796875 0.740625 0.0375 0.05
3 0.62421875 0.75625 0.0296875 0.05625
4 0.03984375 0.44921875 0.0796875 0.1265625
4 0.2125 0.4984375 0.075 0.078125
4 0.18046875 0.61328125 0.0953125 0.0859375
4 0.2625 0.7859375 0.08125 0.13125
4 0.61171875 0.7765625 0.0578125 0.103125
4 0.5578125 0.90078125 0.0625 0.0640625