3 0.11875 0.49140625 0.196875 0.4109375
3 0.434375 0.2265625 0.178125 0.309375
3 0.71640625 0.634375 0.0515625 0.090625
3 0.75859375 0.61484375 0.0421875 0.0578125
3 0.9078125 0.61640625 0.05 0.0796875
5 0.18828125 0.72734375 0.1796875 0.4515625
5 0.44765625 0.6109375 0.1984375 0.509375
5 0.70234375 0.8265625 0.0734375 0.265625
5 0.76484375 0.7796875 0.0640625 0.23125
5 0.915625 0.81015625 0.078125 0.2390625
4 0.17421875 0.60078125 0.3265625 0.7046875
4 0.43359375 0.48046875 0.2578125 0.8046875
4 0.696875 0.77109375 0.084375 0.4171875
4 0.76640625 0.77890625 0.0703125 0.4109375
4 0.91015625 0.75234375 0.1015625 0.3796875