5 0.2015625 0.42734375 0.153125 0.2671875
5 0.4640625 0.4265625 0.128125 0.240625
5 0.625 0.39453125 0.128125 0.2171875
5 0.72421875 0.35390625 0.1203125 0.2296875
5 0.3796875 0.45234375 0.065625 0.2140625
3 0.603125 0.23828125 0.0625 0.0703125
3 0.721875 0.17734375 0.05625 0.0828125
3 0.2109375 0.21953125 0.071875 0.0765625
3 0.38828125 0.27578125 0.0609375 0.0640625
3 0.46015625 0.259375 0.0609375 0.08125
4 0.20859375 0.546875 0.2046875 0.759375
4 0.3765625 0.53359375 0.1 0.5921875
4 0.47265625 0.55390625 0.1671875 0.6890625
4 0.615625 0.4875 0.159375 0.596875
4 0.73515625 0.4421875 0.1484375 0.615625