3 0.2328125 0.62578125 0.028125 0.0296875
3 0.29921875 0.60625 0.0328125 0.034375
3 0.325 0.63203125 0.025 0.0296875
3 0.38203125 0.5859375 0.0296875 0.0375
3 0.4515625 0.603125 0.034375 0.040625
3 0.51953125 0.63125 0.0234375 0.028125
3 0.58359375 0.6265625 0.0265625 0.03125
3 0.62890625 0.62109375 0.0265625 0.0296875
3 0.68984375 0.62109375 0.0296875 0.0328125
3 0.765625 0.5953125 0.034375 0.04375
3 0.89765625 0.6078125 0.0390625 0.034375
4 0.90078125 0.72265625 0.0765625 0.2703125
4 0.76328125 0.71875 0.0921875 0.296875
4 0.6984375 0.72890625 0.065625 0.2546875
4 0.63203125 0.72421875 0.0609375 0.2453125
4 0.5859375 0.72578125 0.08125 0.2515625
4 0.521875 0.72734375 0.059375 0.2421875
4 0.44921875 0.72421875 0.0671875 0.2890625
4 0.37578125 0.72109375 0.0890625 0.3109375
4 0.3265625 0.73125 0.040625 0.23125
4 0.28828125 0.7296875 0.0578125 0.2875
4 0.225 0.728125 0.078125 0.2625