5 0.45703125 0.29921875 0.0359375 0.0578125
5 0.2984375 0.3140625 0.025 0.05625
4 0.45625 0.3171875 0.05 0.15
4 0.31953125 0.34375 0.0609375 0.16875
5 0.60703125 0.37890625 0.1140625 0.2171875
5 0.715625 0.38203125 0.115625 0.2421875
5 0.78515625 0.4046875 0.1421875 0.284375
4 0.70078125 0.47578125 0.1203125 0.6390625
4 0.6046875 0.48125 0.15625 0.59375
4 0.07578125 0.4953125 0.0546875 0.121875
4 0.8 0.52265625 0.1875 0.7390625
4 0.0390625 0.57421875 0.071875 0.2015625
5 0.04140625 0.57890625 0.0765625 0.1203125