4 0.5515625 0.6828125 0.175 0.365625
4 0.75 0.64921875 0.178125 0.4015625
4 0.6375 0.66640625 0.10625 0.3265625
4 0.87734375 0.51015625 0.1984375 0.6140625
4 0.33515625 0.59921875 0.1203125 0.6640625
4 0.2296875 0.5640625 0.1125 0.6875
4 0.12421875 0.49921875 0.1109375 0.5296875
5 0.05234375 0.5046875 0.1015625 0.25
5 0.21484375 0.45234375 0.1203125 0.2390625
5 0.32890625 0.496875 0.1109375 0.246875
5 0.890625 0.4046875 0.090625 0.196875
3 0.1109375 0.29140625 0.075 0.0703125
3 0.1515625 0.31171875 0.046875 0.0765625
3 0.2453125 0.26484375 0.08125 0.0984375
3 0.34375 0.31015625 0.071875 0.0796875
3 0.0546875 0.334375 0.075 0.071875
3 0.59453125 0.534375 0.0765625 0.084375
3 0.6953125 0.49765625 0.075 0.0734375