3 0.16015625 0.38515625 0.0765625 0.0671875
3 0.3125 0.4515625 0.04375 0.046875
3 0.33203125 0.4359375 0.0359375 0.0375
3 0.5796875 0.4296875 0.04375 0.034375
3 0.6484375 0.44921875 0.05 0.0484375
3 0.234375 0.43984375 0.05 0.0484375
3 0.40859375 0.45234375 0.0359375 0.0390625
3 0.4859375 0.434375 0.04375 0.0375
3 0.7390625 0.43515625 0.059375 0.0484375
3 0.8375 0.43984375 0.065625 0.0421875
4 0.13359375 0.64453125 0.1421875 0.6078125
4 0.23515625 0.634375 0.1078125 0.43125
4 0.30859375 0.621875 0.0859375 0.39375
4 0.3484375 0.5921875 0.065625 0.371875
4 0.40703125 0.59609375 0.0828125 0.3359375
4 0.4828125 0.58671875 0.084375 0.3640625
4 0.5734375 0.5921875 0.090625 0.371875
4 0.6609375 0.6046875 0.096875 0.390625
4 0.740625 0.62109375 0.1 0.4546875
4 0.840625 0.65234375 0.146875 0.4859375