3 0.0953125 0.6171875 0.05625 0.046875
3 0.190625 0.47890625 0.028125 0.0296875
3 0.359375 0.43125 0.034375 0.0375
3 0.571875 0.54453125 0.0375 0.0359375
3 0.8484375 0.75390625 0.028125 0.0578125
3 0.90546875 0.68125 0.0421875 0.040625
5 0.1890625 0.5375 0.059375 0.084375
5 0.3421875 0.47578125 0.046875 0.0734375
5 0.5734375 0.590625 0.06875 0.065625
4 0.096875 0.6546875 0.084375 0.125
4 0.03515625 0.83671875 0.0640625 0.1515625
4 0.58125 0.6109375 0.08125 0.178125
4 0.84140625 0.79921875 0.0453125 0.1484375
4 0.909375 0.725 0.05625 0.128125
4 0.19375 0.5296875 0.078125 0.11875
4 0.2390625 0.4578125 0.05625 0.0875
4 0.34453125 0.5046875 0.0734375 0.196875
4 0.075 0.48671875 0.06875 0.1421875
4 0.2609375 0.39453125 0.05625 0.0890625
5 0.08046875 0.4796875 0.0453125 0.065625