5 0.41875 0.48671875 0.128125 0.1765625
5 0.49765625 0.4 0.1109375 0.2
5 0.3484375 0.3078125 0.11875 0.171875
5 0.76328125 0.44453125 0.1203125 0.1859375
5 0.97109375 0.42109375 0.0546875 0.1390625
3 0.2921875 0.21484375 0.078125 0.0953125
3 0.425 0.334375 0.06875 0.0875
3 0.40703125 0.23359375 0.0640625 0.0765625
3 0.91875 0.3171875 0.0875 0.084375
3 0.978125 0.25078125 0.040625 0.0609375
3 0.5015625 0.25546875 0.075 0.0703125
3 0.74609375 0.28046875 0.0609375 0.0734375
4 0.3984375 0.58515625 0.19375 0.6109375
4 0.334375 0.40546875 0.175 0.4984375
4 0.4078125 0.24375 0.0625 0.1375
4 0.50234375 0.40625 0.1390625 0.38125
4 0.7484375 0.41171875 0.146875 0.3609375
4 0.91015625 0.58515625 0.1515625 0.6484375