3 0.1765625 0.31796875 0.115625 0.1140625
3 0.82421875 0.20234375 0.1359375 0.1234375
3 0.071875 0.26875 0.14375 0.175
3 0.3640625 0.25703125 0.128125 0.1234375
3 0.6265625 0.265625 0.1 0.103125
3 0.71171875 0.33203125 0.1703125 0.1640625
3 0.9578125 0.06484375 0.08125 0.1296875
4 0.08125 0.57109375 0.1625 0.8140625
4 0.2 0.61484375 0.1875 0.7359375
4 0.37734375 0.578125 0.2734375 0.8
4 0.6171875 0.596875 0.1625 0.7625
4 0.72109375 0.61953125 0.2359375 0.7453125
4 0.84921875 0.55 0.2265625 0.846875
4 0.9515625 0.42890625 0.09375 0.8578125