3 0.2578125 0.321875 0.09375 0.1125
3 0.365625 0.9140625 0.15 0.171875
3 0.5125 0.32265625 0.109375 0.1546875
3 0.09296875 0.68828125 0.0984375 0.1171875
3 0.01640625 0.4171875 0.0328125 0.05625
3 0.16484375 0.7203125 0.1109375 0.121875
3 0.3796875 0.33984375 0.10625 0.1015625
4 0.24375 0.575 0.1375 0.60625
4 0.0203125 0.69921875 0.040625 0.5609375
4 0.3609375 0.53515625 0.11875 0.4890625
4 0.475 0.59296875 0.19375 0.6796875
4 0.59375 0.48125 0.128125 0.365625
4 0.6765625 0.4921875 0.09375 0.421875
4 0.78203125 0.51875 0.1984375 0.509375
4 0.93046875 0.671875 0.1390625 0.440625
4 0.17265625 0.83203125 0.2171875 0.3359375
4 0.44609375 0.35078125 0.0578125 0.1421875
2 0.7375 0.3296875 0.096875 0.121875
2 0.6765625 0.34921875 0.05 0.1296875
2 0.94609375 0.5375 0.1078125 0.15