3 0.128125 0.43203125 0.0625 0.0796875
3 0.29609375 0.45703125 0.0578125 0.0578125
3 0.36875 0.45703125 0.040625 0.0734375
3 0.640625 0.43515625 0.05 0.0453125
3 0.73515625 0.45703125 0.0765625 0.0859375
5 0.1 0.5265625 0.1125 0.178125
5 0.23984375 0.54375 0.1171875 0.15
5 0.6609375 0.53125 0.065625 0.11875
5 0.79609375 0.5609375 0.1359375 0.178125
5 0.41484375 0.52890625 0.0328125 0.0515625
5 0.39375 0.51171875 0.025 0.0515625
4 0.08359375 0.6359375 0.1453125 0.509375
4 0.24921875 0.6140625 0.1421875 0.365625
4 0.346875 0.5765625 0.084375 0.31875
4 0.396875 0.54140625 0.028125 0.1546875
4 0.41875 0.54921875 0.053125 0.1484375
4 0.56640625 0.60859375 0.1234375 0.2734375
4 0.65546875 0.58984375 0.0984375 0.3734375
4 0.78359375 0.6546875 0.1921875 0.50625