4 0.16328125 0.6625 0.1453125 0.49375
4 0.259375 0.65703125 0.121875 0.4703125
4 0.3765625 0.66171875 0.11875 0.5453125
4 0.459375 0.646875 0.084375 0.45625
4 0.53046875 0.63203125 0.0734375 0.4703125
4 0.58984375 0.6578125 0.0921875 0.475
4 0.67578125 0.6890625 0.0890625 0.471875
4 0.74921875 0.6484375 0.1265625 0.553125
4 0.88125 0.665625 0.1375 0.521875
5 0.7453125 0.5375 0.1125 0.19375
2 0.1625 0.45234375 0.05 0.0640625
2 0.26640625 0.459375 0.0453125 0.05
2 0.384375 0.4265625 0.046875 0.053125
2 0.46171875 0.45546875 0.0453125 0.0515625
2 0.53203125 0.43125 0.0421875 0.046875
2 0.5921875 0.45703125 0.040625 0.0484375
2 0.66953125 0.49140625 0.0546875 0.0609375
2 0.75 0.40234375 0.046875 0.0515625
2 0.86640625 0.4375 0.0484375 0.05625