3 0.16953125 0.40234375 0.1796875 0.1484375
3 0.37578125 0.3328125 0.1015625 0.084375
3 0.47734375 0.37265625 0.0546875 0.0484375
3 0.67890625 0.31640625 0.1609375 0.1890625
3 0.8234375 0.41171875 0.109375 0.1078125
5 0.16328125 0.728125 0.2390625 0.378125
5 0.36171875 0.50859375 0.1328125 0.2109375
5 0.48828125 0.4671875 0.0796875 0.109375
5 0.67265625 0.6953125 0.3109375 0.490625
5 0.85078125 0.60390625 0.1484375 0.2515625
4 0.1703125 0.66171875 0.2375 0.6546875
4 0.365625 0.65078125 0.165625 0.6953125
4 0.4828125 0.54375 0.121875 0.425
4 0.66640625 0.6046875 0.3171875 0.784375
4 0.8203125 0.6421875 0.16875 0.6