3 0.125 0.8796875 0.10625 0.115625
3 0.23828125 0.62578125 0.0796875 0.1078125
3 0.3578125 0.93828125 0.09375 0.1203125
3 0.73671875 0.3828125 0.0671875 0.084375
3 0.80234375 0.4 0.0546875 0.071875
3 0.653125 0.62734375 0.06875 0.1015625
3 0.41796875 0.5515625 0.0796875 0.090625
3 0.4953125 0.63046875 0.08125 0.0953125
3 0.815625 0.7609375 0.084375 0.121875
3 0.83828125 0.65546875 0.0796875 0.0953125
3 0.59296875 0.225 0.0484375 0.065625
4 0.1203125 0.90546875 0.140625 0.1828125
4 0.2265625 0.7828125 0.153125 0.43125
4 0.409375 0.74140625 0.096875 0.4984375
4 0.48515625 0.78203125 0.1546875 0.4296875
4 0.63671875 0.75703125 0.1421875 0.4453125
4 0.71640625 0.575 0.0953125 0.49375
4 0.80078125 0.55 0.0828125 0.378125
4 0.8046875 0.84140625 0.171875 0.2796875
4 0.84921875 0.71640625 0.1109375 0.2234375
4 0.59296875 0.39140625 0.1015625 0.4203125