5 0.2140625 0.48203125 0.178125 0.4109375
5 0.3390625 0.54765625 0.203125 0.4328125
5 0.828125 0.51484375 0.178125 0.4484375
3 0.221875 0.1578125 0.096875 0.0875
3 0.671875 0.24296875 0.1 0.1078125
3 0.3625 0.22109375 0.115625 0.1171875
3 0.50390625 0.2609375 0.1078125 0.096875
3 0.5609375 0.13515625 0.10625 0.0953125
3 0.8203125 0.1484375 0.103125 0.10625
4 0.21171875 0.46953125 0.2140625 0.7328125
4 0.33671875 0.48125 0.1890625 0.625
4 0.5 0.47578125 0.175 0.5484375
4 0.56171875 0.2375 0.1421875 0.325
4 0.66484375 0.5046875 0.1546875 0.625
4 0.828125 0.51953125 0.228125 0.8828125