5 0.35546875 0.7109375 0.0890625 0.15
5 0.50859375 0.70625 0.0984375 0.134375
5 0.2609375 0.2625 0.059375 0.090625
5 0.45859375 0.21875 0.0546875 0.103125
5 0.746875 0.41015625 0.075 0.1109375
3 0.28125 0.215625 0.05 0.065625
3 0.4546875 0.16328125 0.05 0.0703125
3 0.73671875 0.38671875 0.0609375 0.0765625
3 0.3390625 0.6046875 0.046875 0.05
3 0.5625 0.6328125 0.040625 0.04375
4 0.35234375 0.72421875 0.1390625 0.2953125
4 0.5296875 0.73359375 0.15 0.2828125
4 0.74296875 0.46796875 0.1078125 0.2546875
4 0.45546875 0.26640625 0.1109375 0.2546875
4 0.26796875 0.31328125 0.1171875 0.2734375