3 0.090625 0.60234375 0.028125 0.0421875
4 0.1015625 0.70625 0.059375 0.24375
4 0.21171875 0.62109375 0.0671875 0.2390625
4 0.27109375 0.56953125 0.0640625 0.2578125
4 0.378125 0.43828125 0.0875 0.1984375
4 0.4234375 0.75 0.10625 0.190625
4 0.73046875 0.334375 0.0671875 0.2
4 0.79453125 0.4328125 0.0671875 0.221875
4 0.8875 0.72890625 0.078125 0.2390625
4 0.63515625 0.86484375 0.0796875 0.1515625
2 0.271875 0.4671875 0.034375 0.0375
2 0.890625 0.64765625 0.034375 0.0390625
2 0.7359375 0.25625 0.025 0.028125