3 0.3015625 0.44140625 0.10625 0.1734375
3 0.11953125 0.375 0.0703125 0.08125
3 0.57578125 0.50625 0.0234375 0.021875
5 0.1046875 0.484375 0.103125 0.175
5 0.31796875 0.5109375 0.2046875 0.3375
5 0.5015625 0.56640625 0.040625 0.0421875
5 0.5828125 0.5453125 0.053125 0.065625
5 0.721875 0.54453125 0.03125 0.0515625
5 0.7625 0.553125 0.03125 0.059375
5 0.775 0.5609375 0.021875 0.046875
4 0.10234375 0.54609375 0.1046875 0.4109375
4 0.32109375 0.61796875 0.2171875 0.5453125
4 0.509375 0.59453125 0.046875 0.1203125
4 0.57890625 0.57421875 0.0515625 0.1796875
4 0.7203125 0.56015625 0.04375 0.1140625
4 0.75859375 0.57265625 0.0328125 0.1109375
4 0.77890625 0.5765625 0.0328125 0.125