5 0.10859375 0.446875 0.1109375 0.240625
5 0.2859375 0.44921875 0.153125 0.3046875
5 0.5625 0.4234375 0.109375 0.275
5 0.71328125 0.37734375 0.1171875 0.3015625
5 0.82421875 0.421875 0.1140625 0.29375
4 0.115625 0.58671875 0.175 0.7390625
4 0.2984375 0.57578125 0.2 0.7703125
4 0.55078125 0.57421875 0.1609375 0.7796875
4 0.71328125 0.5203125 0.1296875 0.778125
4 0.84609375 0.55859375 0.1765625 0.8171875
4 0.9015625 0.684375 0.125 0.4625
2 0.5625 0.22890625 0.05625 0.0890625
2 0.278125 0.23984375 0.053125 0.0890625
2 0.73046875 0.18046875 0.0609375 0.0984375
2 0.8609375 0.22109375 0.078125 0.1046875