4 0.38359375 0.61171875 0.0421875 0.2203125
4 0.4265625 0.609375 0.040625 0.225
4 0.46953125 0.61875 0.0421875 0.25
4 0.525 0.61953125 0.05 0.2859375
4 0.57265625 0.61640625 0.0453125 0.2796875
4 0.603125 0.621875 0.0375 0.234375
4 0.63984375 0.60390625 0.0453125 0.2265625
3 0.434375 0.51015625 0.021875 0.0359375
3 0.59921875 0.51953125 0.0203125 0.0234375
3 0.634375 0.50859375 0.015625 0.0265625
3 0.5234375 0.49609375 0.015625 0.0296875
3 0.47109375 0.509375 0.0203125 0.025
5 0.38359375 0.578125 0.0265625 0.096875
5 0.428125 0.57734375 0.03125 0.1109375
5 0.4671875 0.5765625 0.04375 0.103125
5 0.521875 0.5640625 0.04375 0.1
5 0.57265625 0.5703125 0.0390625 0.090625
5 0.603125 0.58515625 0.034375 0.1015625
5 0.64140625 0.56484375 0.0390625 0.0890625