3 0.2359375 0.66015625 0.121875 0.1328125
3 0.3671875 0.57890625 0.0375 0.0421875
3 0.85 0.38515625 0.10625 0.1078125
3 0.5640625 0.61015625 0.034375 0.0453125
3 0.52265625 0.58515625 0.0296875 0.0421875
5 0.221875 0.8796875 0.175 0.228125
5 0.48984375 0.64296875 0.0484375 0.0984375
5 0.60078125 0.6640625 0.0578125 0.1
5 0.88515625 0.6625 0.1859375 0.403125
4 0.2171875 0.79375 0.209375 0.40625
4 0.353125 0.64609375 0.08125 0.1890625
4 0.5 0.64921875 0.071875 0.1890625
4 0.590625 0.7046875 0.103125 0.240625
4 0.83671875 0.60078125 0.2921875 0.6171875