3 0.1640625 0.23671875 0.06875 0.0828125
3 0.24765625 0.25234375 0.0765625 0.0859375
3 0.3546875 0.25 0.08125 0.084375
3 0.43828125 0.253125 0.0703125 0.0875
3 0.56796875 0.18984375 0.0890625 0.0984375
3 0.52734375 0.2484375 0.0359375 0.04375
3 0.6625 0.1421875 0.09375 0.115625
3 0.7140625 0.23203125 0.053125 0.0859375
3 0.78125 0.22890625 0.053125 0.0609375
3 0.834375 0.27890625 0.06875 0.0859375
5 0.1625 0.4 0.103125 0.209375
5 0.2625 0.4140625 0.1 0.225
5 0.35859375 0.43046875 0.0921875 0.2046875
5 0.44375 0.42890625 0.109375 0.2359375
5 0.52265625 0.42109375 0.0734375 0.2046875
5 0.575 0.4234375 0.09375 0.26875
5 0.67421875 0.4234375 0.1609375 0.30625
5 0.77890625 0.36796875 0.0671875 0.1453125
5 0.8484375 0.465625 0.125 0.221875
4 0.1625 0.52265625 0.121875 0.6890625
4 0.265625 0.53203125 0.13125 0.6515625
4 0.359375 0.54296875 0.1125 0.6671875
4 0.44609375 0.5296875 0.1203125 0.646875
4 0.525 0.52109375 0.071875 0.5796875
4 0.58125 0.55859375 0.128125 0.8671875
4 0.66171875 0.54609375 0.1640625 0.9046875
4 0.778125 0.47890625 0.09375 0.5890625
4 0.8421875 0.5953125 0.15 0.740625