3 0.69765625 0.24296875 0.0828125 0.0796875
3 0.04296875 0.25 0.0796875 0.078125
3 0.29609375 0.2734375 0.0859375 0.075
3 0.496875 0.278125 0.075 0.075
5 0.9234375 0.3453125 0.15 0.325
5 0.509375 0.44609375 0.15 0.2484375
5 0.3078125 0.4515625 0.15625 0.278125
5 0.7 0.45390625 0.14375 0.2671875
4 0.90234375 0.5046875 0.1828125 0.834375
4 0.5140625 0.53984375 0.165625 0.6046875
4 0.69765625 0.54375 0.1640625 0.6875
4 0.30859375 0.54609375 0.1796875 0.6703125
4 0.0828125 0.54765625 0.153125 0.6765625
3 0.8921875 0.13359375 0.1 0.1015625