4 0.18671875 0.54453125 0.3234375 0.8671875
4 0.16953125 0.16796875 0.1546875 0.1640625
4 0.54296875 0.5203125 0.3015625 0.95
4 0.63203125 0.546875 0.1828125 0.871875
4 0.83671875 0.5125 0.2453125 0.946875
3 0.125 0.16484375 0.09375 0.1171875
3 0.18515625 0.1375 0.0890625 0.08125
3 0.59140625 0.15859375 0.0890625 0.0828125
3 0.81796875 0.084375 0.1359375 0.109375
5 0.18828125 0.39609375 0.2328125 0.3234375
5 0.50625 0.378125 0.175 0.31875
5 0.83359375 0.38046875 0.2578125 0.3828125
0 0.20546875 0.178125 0.0421875 0.025
0 0.58203125 0.20234375 0.0546875 0.0328125