3 0.1 0.31640625 0.0625 0.0609375
3 0.20859375 0.2921875 0.0609375 0.065625
3 0.29609375 0.3265625 0.0578125 0.059375
3 0.37109375 0.31484375 0.0546875 0.0453125
3 0.45390625 0.32734375 0.0484375 0.0484375
3 0.52421875 0.290625 0.0609375 0.05625
3 0.5953125 0.32578125 0.05625 0.0515625
3 0.61640625 0.35859375 0.0515625 0.0484375
3 0.66015625 0.2984375 0.0546875 0.065625
3 0.6984375 0.3484375 0.059375 0.065625
3 0.75234375 0.284375 0.0703125 0.0625
3 0.82734375 0.31484375 0.0609375 0.0671875
3 0.91484375 0.28125 0.0609375 0.071875
4 0.1171875 0.56640625 0.165625 0.5703125
4 0.209375 0.5515625 0.125 0.584375
4 0.3015625 0.5625 0.128125 0.534375
4 0.36171875 0.55625 0.0828125 0.55
4 0.4125 0.5890625 0.1 0.48125
4 0.45859375 0.55625 0.0703125 0.521875
4 0.51953125 0.5375 0.0921875 0.565625
4 0.609375 0.6046875 0.09375 0.528125
4 0.70078125 0.6 0.1015625 0.55625
4 0.66015625 0.3515625 0.0640625 0.2
4 0.7609375 0.5390625 0.0875 0.58125
4 0.81796875 0.54765625 0.0984375 0.5421875
4 0.903125 0.5484375 0.115625 0.63125