4 0.40546875 0.6890625 0.2046875 0.603125
4 0.26953125 0.60859375 0.1734375 0.5546875
4 0.26171875 0.21953125 0.0640625 0.1484375
4 0.440625 0.2875 0.059375 0.115625
4 0.48984375 0.25 0.0578125 0.115625
4 0.58671875 0.26484375 0.0421875 0.0984375
4 0.63984375 0.25703125 0.0484375 0.0921875
4 0.43515625 0.20234375 0.0328125 0.0359375
2 0.365625 0.4484375 0.065625 0.109375
2 0.2296875 0.3921875 0.0625 0.1125
2 0.5875 0.23984375 0.021875 0.0453125
2 0.6328125 0.228125 0.028125 0.040625
2 0.44140625 0.2484375 0.0234375 0.04375
2 0.47890625 0.21015625 0.0234375 0.0359375