3 0.31484375 0.29140625 0.0546875 0.0703125
3 0.46640625 0.303125 0.0453125 0.05
3 0.3984375 0.284375 0.05 0.05
3 0.834375 0.2484375 0.075 0.090625
3 0.53671875 0.31484375 0.0421875 0.0484375
3 0.58828125 0.33671875 0.0390625 0.0453125
3 0.6515625 0.35390625 0.0375 0.0453125
4 0.296875 0.49609375 0.103125 0.4734375
4 0.38984375 0.490625 0.0921875 0.46875
4 0.4609375 0.4875 0.071875 0.41875
4 0.5265625 0.48359375 0.065625 0.3859375
4 0.58203125 0.49609375 0.0578125 0.3703125
4 0.6421875 0.49140625 0.075 0.3359375
4 0.81875 0.5625 0.153125 0.734375