3 0.17734375 0.5375 0.0640625 0.084375
3 0.371875 0.7671875 0.08125 0.065625
3 0.6171875 0.4109375 0.025 0.046875
3 0.596875 0.60625 0.0625 0.0875
3 0.60859375 0.48515625 0.0609375 0.0703125
3 0.50390625 0.37265625 0.0265625 0.0390625
4 0.1171875 0.72421875 0.221875 0.4609375
4 0.3609375 0.8640625 0.1875 0.265625
4 0.6640625 0.75546875 0.215625 0.4046875
4 0.66484375 0.546875 0.1828125 0.19375
4 0.65390625 0.44375 0.1359375 0.11875
4 0.58359375 0.37890625 0.0546875 0.1015625
4 0.484375 0.4046875 0.075 0.11875