3 0.31953125 0.584375 0.0234375 0.0375
3 0.36171875 0.58671875 0.0328125 0.0359375
3 0.23046875 0.55546875 0.0296875 0.0328125
3 0.29453125 0.471875 0.0296875 0.03125
3 0.334375 0.43046875 0.028125 0.0265625
3 0.35625 0.3984375 0.025 0.025
3 0.43359375 0.2484375 0.0234375 0.025
3 0.56171875 0.23515625 0.0203125 0.0265625
3 0.50390625 0.4546875 0.0234375 0.03125
3 0.628125 0.565625 0.03125 0.046875
3 0.6546875 0.4109375 0.025 0.034375
3 0.67578125 0.4515625 0.0234375 0.03125
3 0.7125 0.40625 0.03125 0.0375
3 0.8140625 0.425 0.021875 0.03125
3 0.8890625 0.475 0.03125 0.0375
3 0.95859375 0.40859375 0.0328125 0.0359375
3 0.13515625 0.43828125 0.0265625 0.0328125
5 0.1296875 0.50859375 0.053125 0.1015625
5 0.31328125 0.653125 0.0515625 0.1125
5 0.28203125 0.55703125 0.0328125 0.0734375
5 0.36796875 0.65390625 0.0484375 0.0953125
5 0.52890625 0.50390625 0.0578125 0.0796875
5 0.609375 0.49609375 0.05 0.0671875
5 0.6859375 0.51796875 0.04375 0.0953125
5 0.70390625 0.45390625 0.0328125 0.0703125
5 0.89375 0.54609375 0.04375 0.0953125
5 0.9515625 0.47578125 0.04375 0.0984375
4 0.13359375 0.54609375 0.0734375 0.2515625
4 0.1890625 0.559375 0.06875 0.24375
4 0.22578125 0.60703125 0.0546875 0.1328125
4 0.28828125 0.575 0.0578125 0.234375
4 0.3140625 0.6921875 0.0625 0.275
4 0.36796875 0.70078125 0.0703125 0.2703125
4 0.33359375 0.49921875 0.0515625 0.1796875
4 0.3640625 0.4890625 0.053125 0.209375
4 0.42421875 0.3375 0.0703125 0.203125
4 0.575 0.3234375 0.05625 0.2125
4 0.778125 0.2671875 0.059375 0.15
4 0.621875 0.60859375 0.059375 0.1203125
4 0.6875 0.54609375 0.059375 0.2140625
4 0.66015625 0.44453125 0.0546875 0.0953125
4 0.70859375 0.4796875 0.0546875 0.178125
4 0.8109375 0.5296875 0.078125 0.24375
4 0.8890625 0.578125 0.071875 0.246875
4 0.95234375 0.51015625 0.0609375 0.2484375