4 0.17890625 0.69375 0.1859375 0.596875
4 0.30703125 0.66640625 0.1609375 0.6359375
4 0.40859375 0.65390625 0.1203125 0.6703125
4 0.50234375 0.73359375 0.1515625 0.5171875
4 0.56484375 0.634375 0.1671875 0.725
4 0.73125 0.62421875 0.153125 0.7359375
4 0.8671875 0.6375 0.16875 0.696875
5 0.55390625 0.5875 0.1328125 0.353125
5 0.73203125 0.59609375 0.1359375 0.3640625
5 0.865625 0.62265625 0.15625 0.3609375
0 0.7375 0.36640625 0.04375 0.0359375
2 0.1859375 0.4515625 0.071875 0.13125
2 0.30859375 0.39921875 0.0640625 0.1140625
2 0.4015625 0.365625 0.0625 0.103125
2 0.4921875 0.5296875 0.065625 0.125