4 0.39296875 0.7359375 0.1390625 0.521875
5 0.5140625 0.65703125 0.125 0.2703125
5 0.59375 0.65234375 0.096875 0.2421875
5 0.675 0.6703125 0.1 0.215625
5 0.7703125 0.7 0.096875 0.246875
5 0.40390625 0.69140625 0.1203125 0.2078125
3 0.4203125 0.51796875 0.071875 0.0640625
3 0.58359375 0.46796875 0.0578125 0.0609375
3 0.66328125 0.5078125 0.0546875 0.065625
3 0.74921875 0.525 0.0703125 0.059375
3 0.5078125 0.45390625 0.075 0.0640625
4 0.51640625 0.70234375 0.1203125 0.5890625
4 0.5890625 0.715625 0.08125 0.5625
4 0.67890625 0.7296875 0.1078125 0.525
4 0.76796875 0.746875 0.1140625 0.484375