5 0.18515625 0.74140625 0.0859375 0.2203125
5 0.25703125 0.62890625 0.0828125 0.1296875
5 0.39375 0.55625 0.053125 0.05
5 0.5015625 0.62578125 0.06875 0.1296875
5 0.6078125 0.62109375 0.075 0.1453125
5 0.70859375 0.62734375 0.0640625 0.1171875
5 0.89375 0.625 0.065625 0.103125
5 0.21953125 0.57421875 0.0265625 0.0734375
3 0.1890625 0.58125 0.05625 0.059375
3 0.30234375 0.4703125 0.0421875 0.04375
3 0.49921875 0.51171875 0.0390625 0.0453125
3 0.70703125 0.52578125 0.0484375 0.0546875
3 0.8078125 0.475 0.04375 0.046875
4 0.23046875 0.70390625 0.1734375 0.2796875
4 0.26640625 0.6078125 0.0953125 0.190625
4 0.20078125 0.54140625 0.0640625 0.1234375
4 0.3046875 0.52890625 0.0625 0.1578125
4 0.3890625 0.540625 0.06875 0.115625
4 0.38828125 0.69296875 0.1234375 0.2734375
4 0.4984375 0.6453125 0.115625 0.325
4 0.4796875 0.48515625 0.04375 0.0609375
4 0.5984375 0.665625 0.10625 0.309375
4 0.71796875 0.6390625 0.1109375 0.2875
4 0.809375 0.590625 0.1 0.284375
4 0.9078125 0.675 0.11875 0.328125
2 0.19921875 0.50703125 0.0328125 0.0453125
2 0.3859375 0.49921875 0.034375 0.0484375
2 0.5984375 0.52578125 0.040625 0.0578125
2 0.9046875 0.55078125 0.0375 0.0703125