3 0.1796875 0.36953125 0.059375 0.0578125
3 0.2625 0.3765625 0.040625 0.0625
3 0.36015625 0.359375 0.0453125 0.059375
3 0.4515625 0.37265625 0.053125 0.0609375
3 0.5171875 0.38046875 0.053125 0.0703125
3 0.5890625 0.3609375 0.059375 0.05625
5 0.18203125 0.528125 0.0671875 0.225
5 0.2609375 0.528125 0.10625 0.20625
5 0.359375 0.51328125 0.1 0.2046875
5 0.45625 0.50625 0.08125 0.2
5 0.52578125 0.5328125 0.1078125 0.215625
5 0.61796875 0.52421875 0.0984375 0.2265625
4 0.18203125 0.5703125 0.0671875 0.45
4 0.26484375 0.56015625 0.1140625 0.4296875
4 0.36171875 0.56328125 0.1234375 0.4578125
4 0.4609375 0.571875 0.09375 0.471875
4 0.5265625 0.60234375 0.121875 0.5578125
4 0.61328125 0.6296875 0.1234375 0.653125