0 0.346875 0.1859375 0.08125 0.04375
0 0.71875 0.1859375 0.075 0.04375
0 0.559375 0.203125 0.075 0.040625
4 0.3359375 0.43828125 0.159375 0.8671875
4 0.778125 0.4453125 0.25 0.8625
4 0.1453125 0.45234375 0.284375 0.8796875
4 0.5609375 0.4625 0.234375 0.796875
5 0.5703125 0.5171875 0.190625 0.5
5 0.3265625 0.553125 0.190625 0.61875
5 0.790625 0.58671875 0.24375 0.5796875
5 0.14609375 0.61875 0.2859375 0.54375
3 0.1578125 0.09765625 0.2875 0.1796875
3 0.3375 0.1015625 0.1375 0.14375
3 0.7625 0.1265625 0.19375 0.203125
3 0.5640625 0.153125 0.128125 0.128125