3 0.39296875 0.22421875 0.0734375 0.0828125
3 0.446875 0.2265625 0.053125 0.071875
3 0.54921875 0.30546875 0.0609375 0.0640625
3 0.53828125 0.24609375 0.0484375 0.0484375
3 0.65625 0.28984375 0.046875 0.0484375
3 0.678125 0.27109375 0.034375 0.0640625
3 0.559375 0.53984375 0.05625 0.0796875
3 0.64765625 0.51875 0.0640625 0.065625
3 0.7640625 0.51953125 0.065625 0.0640625
3 0.809375 0.27734375 0.065625 0.0515625
3 0.89765625 0.3171875 0.0640625 0.071875
3 0.7453125 0.275 0.05 0.0625
3 0.7421875 0.27578125 0.046875 0.0640625
3 0.50390625 0.2484375 0.0296875 0.05625
3 0.48046875 0.20625 0.0359375 0.04375
5 0.38125 0.44453125 0.146875 0.2734375
5 0.4734375 0.4609375 0.040625 0.196875
5 0.54609375 0.45078125 0.0921875 0.1703125
5 0.653125 0.45 0.096875 0.196875
5 0.7984375 0.46015625 0.115625 0.2140625
5 0.89921875 0.51015625 0.1265625 0.2390625
5 0.46640625 0.79609375 0.1703125 0.3078125
5 0.784375 0.69765625 0.140625 0.2609375
5 0.6546875 0.696875 0.109375 0.2125
4 0.37578125 0.57734375 0.1671875 0.7890625
4 0.44609375 0.39296875 0.0671875 0.4171875
4 0.4765625 0.26484375 0.03125 0.1546875
4 0.5078125 0.27734375 0.040625 0.1140625
4 0.54140625 0.25546875 0.0515625 0.0765625
4 0.54296875 0.40703125 0.0984375 0.2546875
4 0.66015625 0.40390625 0.1109375 0.2796875
4 0.7328125 0.38203125 0.090625 0.2796875
4 0.796875 0.41796875 0.121875 0.3390625
4 0.88984375 0.61484375 0.1109375 0.6546875
4 0.65859375 0.70703125 0.1046875 0.4453125
4 0.56484375 0.66328125 0.1015625 0.3828125
4 0.77421875 0.71328125 0.1578125 0.4671875
4 0.49296875 0.753125 0.2171875 0.48125