4 0.0359375 0.63125 0.071875 0.703125
4 0.10703125 0.64609375 0.0921875 0.6859375
4 0.19765625 0.68203125 0.0984375 0.6046875
4 0.3046875 0.6546875 0.128125 0.65625
4 0.446875 0.62421875 0.109375 0.5765625
4 0.52578125 0.6015625 0.0828125 0.471875
4 0.58515625 0.65390625 0.0859375 0.5265625
4 0.6453125 0.625 0.078125 0.534375
4 0.6921875 0.6734375 0.0875 0.5875
4 0.840625 0.6984375 0.140625 0.6
3 0.034375 0.3640625 0.06875 0.1375
3 0.13125 0.35859375 0.0875 0.1234375
3 0.19453125 0.4328125 0.0765625 0.10625
3 0.30859375 0.37734375 0.0671875 0.0765625
3 0.46484375 0.39609375 0.0578125 0.0703125
3 0.52265625 0.40546875 0.0421875 0.0609375
3 0.58671875 0.43046875 0.0390625 0.0546875
3 0.665625 0.39296875 0.046875 0.0578125
3 0.70859375 0.425 0.0546875 0.084375
3 0.84765625 0.46015625 0.0765625 0.0953125