3 0.22890625 0.6203125 0.0234375 0.0375
3 0.325 0.4828125 0.025 0.025
3 0.36875 0.50859375 0.021875 0.0296875
3 0.45859375 0.5375 0.0234375 0.0375
3 0.47109375 0.67265625 0.0328125 0.0359375
3 0.74453125 0.37734375 0.0203125 0.0296875
3 0.77578125 0.56015625 0.0234375 0.0296875
3 0.80078125 0.27109375 0.0234375 0.0234375
3 0.84609375 0.3296875 0.0203125 0.025
3 0.6765625 0.19765625 0.01875 0.0234375
3 0.6765625 0.13984375 0.021875 0.0203125
3 0.49140625 0.096875 0.0171875 0.021875
3 0.60390625 0.0921875 0.0171875 0.025
3 0.6234375 0.34921875 0.03125 0.0359375
4 0.253125 0.640625 0.090625 0.090625
4 0.35234375 0.55390625 0.0640625 0.1265625
4 0.3125 0.525 0.059375 0.140625
4 0.44765625 0.578125 0.0796875 0.146875
4 0.46953125 0.75859375 0.0703125 0.2078125
4 0.36796875 0.76171875 0.0734375 0.1328125
4 0.765625 0.6421875 0.065625 0.203125
4 0.80859375 0.52578125 0.0546875 0.1671875
4 0.74609375 0.44375 0.0515625 0.1875
4 0.62578125 0.428125 0.0484375 0.1875
4 0.5578125 0.42265625 0.05625 0.1953125
4 0.88125 0.4390625 0.046875 0.1875
4 0.97734375 0.46796875 0.0421875 0.1734375
4 0.80390625 0.34296875 0.0515625 0.1796875
4 0.86640625 0.30625 0.0421875 0.096875
4 0.73984375 0.28203125 0.0484375 0.1265625
4 0.68515625 0.25859375 0.0484375 0.1390625
4 0.671875 0.19296875 0.046875 0.1359375
4 0.609375 0.121875 0.046875 0.109375
4 0.49140625 0.11171875 0.0515625 0.0765625