5 0.2171875 0.4875 0.196875 0.40625
5 0.36875 0.5125 0.146875 0.325
5 0.49140625 0.4953125 0.1421875 0.3
5 0.621875 0.47109375 0.15 0.2609375
5 0.74375 0.49140625 0.146875 0.2703125
4 0.21484375 0.57109375 0.2015625 0.8546875
4 0.3640625 0.596875 0.15 0.784375
4 0.496875 0.590625 0.153125 0.796875
4 0.6265625 0.59296875 0.171875 0.7796875
4 0.753125 0.60234375 0.178125 0.7546875
3 0.21953125 0.18515625 0.0953125 0.0796875
3 0.73828125 0.26875 0.0734375 0.078125
3 0.37734375 0.25 0.0921875 0.084375
3 0.49375 0.2453125 0.090625 0.071875
3 0.6046875 0.24453125 0.0875 0.0796875