3 0.18515625 0.2125 0.0765625 0.109375
3 0.40546875 0.55078125 0.0671875 0.1015625
3 0.5046875 0.52890625 0.065625 0.0859375
3 0.61640625 0.5484375 0.0671875 0.090625
3 0.69453125 0.58984375 0.0765625 0.0984375
3 0.79296875 0.2546875 0.0703125 0.10625
3 0.8703125 0.21796875 0.05625 0.0765625
3 0.925 0.2296875 0.075 0.103125
3 0.6171875 0.22578125 0.0625 0.1015625
3 0.70390625 0.2546875 0.0609375 0.078125
3 0.75 0.24765625 0.034375 0.0328125
3 0.27734375 0.65234375 0.0671875 0.1359375
3 0.30859375 0.203125 0.0515625 0.08125
3 0.3515625 0.17109375 0.04375 0.0640625
3 0.3609375 0.278125 0.046875 0.084375
3 0.40859375 0.22734375 0.0453125 0.0796875
3 0.4796875 0.25859375 0.04375 0.0703125
3 0.53984375 0.25546875 0.0453125 0.0734375
3 0.5546875 0.21328125 0.028125 0.0515625
5 0.17890625 0.41640625 0.1015625 0.2484375
5 0.27421875 0.44296875 0.0828125 0.2203125
5 0.36796875 0.46875 0.0984375 0.23125
5 0.4609375 0.459375 0.0875 0.24375
5 0.5421875 0.4453125 0.09375 0.24375
5 0.625 0.41015625 0.09375 0.2015625
5 0.7140625 0.4390625 0.084375 0.203125
5 0.80546875 0.5015625 0.1234375 0.321875
5 0.921875 0.51015625 0.146875 0.3546875
5 0.39296875 0.75390625 0.1171875 0.2640625
5 0.50234375 0.71640625 0.1234375 0.2078125
5 0.6203125 0.73828125 0.115625 0.2140625
5 0.728125 0.8421875 0.140625 0.3125
4 0.17734375 0.56953125 0.1390625 0.7984375
4 0.265625 0.5953125 0.109375 0.76875
4 0.36640625 0.4578125 0.0984375 0.403125
4 0.390625 0.73203125 0.13125 0.4390625
4 0.50859375 0.7265625 0.1328125 0.4875
4 0.62109375 0.73359375 0.1171875 0.4609375
4 0.725 0.7640625 0.146875 0.4625
4 0.80078125 0.5984375 0.1109375 0.784375
4 0.93046875 0.590625 0.1296875 0.809375
4 0.8671875 0.28046875 0.065625 0.1703125
4 0.31015625 0.24609375 0.0546875 0.1421875
4 0.35234375 0.19765625 0.0484375 0.1171875
4 0.40703125 0.275 0.0546875 0.159375
4 0.465625 0.21328125 0.053125 0.1015625