4 0.26640625 0.41875 0.1703125 0.584375
4 0.465625 0.7546875 0.140625 0.34375
4 0.59296875 0.67265625 0.1765625 0.0953125
4 0.76953125 0.359375 0.1078125 0.471875
4 0.940625 0.290625 0.096875 0.325
5 0.24765625 0.33671875 0.1171875 0.2484375
5 0.4828125 0.7265625 0.1 0.1875
5 0.59375 0.67578125 0.13125 0.0796875
5 0.778125 0.30546875 0.103125 0.1859375
5 0.94375 0.26796875 0.071875 0.1515625
5 0.39453125 0.2234375 0.0203125 0.05625
4 0.390625 0.23515625 0.046875 0.1359375
3 0.28203125 0.1765625 0.0765625 0.08125
3 0.39296875 0.184375 0.0203125 0.025
3 0.4265625 0.62109375 0.059375 0.0765625
3 0.7671875 0.175 0.08125 0.071875
3 0.9390625 0.16484375 0.05625 0.0578125