5 0.1546875 0.39375 0.10625 0.20625
5 0.44140625 0.36875 0.1046875 0.153125
5 0.4359375 0.6921875 0.1 0.24375
5 0.56875 0.384375 0.075 0.184375
5 0.7296875 0.32734375 0.046875 0.0921875
3 0.49453125 0.30859375 0.0453125 0.0953125
3 0.62734375 0.30234375 0.0515625 0.0984375
3 0.740625 0.26796875 0.025 0.0421875
4 0.16171875 0.50859375 0.1203125 0.6984375
4 0.45703125 0.67265625 0.1453125 0.2890625
4 0.43828125 0.4421875 0.1609375 0.41875
4 0.58984375 0.4921875 0.1390625 0.515625
4 0.7359375 0.35859375 0.06875 0.2421875