3 0.2359375 0.39140625 0.084375 0.1265625
3 0.17421875 0.33125 0.0671875 0.09375
3 0.35234375 0.28828125 0.0609375 0.0953125
3 0.409375 0.315625 0.0625 0.109375
3 0.55703125 0.32109375 0.0640625 0.0734375
3 0.7609375 0.32109375 0.08125 0.0953125
3 0.04140625 0.31796875 0.0828125 0.1234375
3 0.43125 0.278125 0.025 0.0375
4 0.0578125 0.61640625 0.115625 0.7296875
4 0.2328125 0.6640625 0.134375 0.66875
4 0.1578125 0.603125 0.1125 0.659375
4 0.32890625 0.50390625 0.1015625 0.4859375
4 0.39921875 0.61328125 0.1515625 0.7015625
4 0.55390625 0.62421875 0.1671875 0.7234375
4 0.746875 0.61640625 0.1875 0.7640625