5 0.13203125 0.58125 0.1859375 0.41875
5 0.26328125 0.62265625 0.1703125 0.4015625
5 0.42578125 0.61640625 0.1765625 0.4578125
5 0.54765625 0.5796875 0.1296875 0.36875
5 0.68671875 0.60390625 0.1734375 0.4421875
5 0.884375 0.43359375 0.228125 0.3734375
4 0.12578125 0.62578125 0.2046875 0.7234375
4 0.26015625 0.640625 0.1765625 0.671875
4 0.3984375 0.62109375 0.171875 0.7296875
4 0.54921875 0.59453125 0.1171875 0.6109375
4 0.6703125 0.625 0.175 0.709375
4 0.875 0.54375 0.225 0.840625
2 0.15234375 0.31796875 0.1078125 0.1234375
2 0.2859375 0.3609375 0.09375 0.13125
2 0.4375 0.31640625 0.1 0.1328125
2 0.56171875 0.34921875 0.0703125 0.1046875
2 0.67890625 0.3203125 0.0828125 0.121875
2 0.87578125 0.18125 0.0953125 0.121875