3 0.1671875 0.56640625 0.071875 0.0953125
3 0.33515625 0.525 0.0765625 0.0625
3 0.328125 0.45859375 0.06875 0.0765625
3 0.69140625 0.15 0.0546875 0.053125
3 0.875 0.25859375 0.05 0.0671875
3 0.97734375 0.16796875 0.0421875 0.0578125
4 0.11484375 0.6734375 0.2078125 0.40625
4 0.38125 0.73828125 0.228125 0.4953125
4 0.31875 0.51796875 0.096875 0.1984375
4 0.68984375 0.28671875 0.1078125 0.3328125
4 0.734375 0.64609375 0.134375 0.6078125
4 0.84453125 0.38671875 0.1203125 0.3390625
4 0.94296875 0.3453125 0.1109375 0.425
3 0.68671875 0.540625 0.0640625 0.06875
4 0.6703125 0.640625 0.10625 0.275
5 0.8515625 0.34765625 0.096875 0.1734375