3 0.1109375 0.23984375 0.025 0.0328125
3 0.62578125 0.3640625 0.0765625 0.071875
3 0.16328125 0.35625 0.0953125 0.115625
3 0.046875 0.25234375 0.03125 0.0296875
3 0.33125 0.40234375 0.078125 0.1015625
3 0.25 0.27734375 0.021875 0.0234375
3 0.20078125 0.2796875 0.0203125 0.025
3 0.734375 0.38125 0.0625 0.08125
3 0.81875 0.3640625 0.0625 0.06875
3 0.5515625 0.53828125 0.0375 0.0578125
4 0.11484375 0.64765625 0.1984375 0.6890625
4 0.33359375 0.67265625 0.1859375 0.6515625
4 0.61796875 0.61640625 0.1171875 0.5765625
4 0.753125 0.58515625 0.159375 0.5046875
4 0.82734375 0.5515625 0.1078125 0.4625
4 0.5453125 0.59375 0.08125 0.1875
4 0.2546875 0.35 0.0625 0.178125
4 0.1984375 0.36015625 0.046875 0.1859375
4 0.10625 0.31640625 0.065625 0.1671875
4 0.03984375 0.3265625 0.0609375 0.178125