4 0.16953125 0.73515625 0.0484375 0.1859375
4 0.12421875 0.67578125 0.0546875 0.0859375
4 0.48515625 0.45859375 0.0640625 0.1859375
4 0.6078125 0.41484375 0.046875 0.1515625
4 0.925 0.4828125 0.05625 0.153125
4 0.94375 0.43359375 0.034375 0.1015625
5 0.47734375 0.43671875 0.0390625 0.0765625
5 0.60546875 0.39765625 0.0359375 0.0703125
3 0.1234375 0.6546875 0.025 0.0375
3 0.1625 0.6609375 0.028125 0.03125
3 0.48359375 0.38984375 0.0234375 0.0296875
3 0.61796875 0.35625 0.0234375 0.034375
3 0.925 0.4234375 0.01875 0.034375
3 0.9484375 0.40078125 0.01875 0.0234375