3 0.19765625 0.4640625 0.0421875 0.059375
3 0.36015625 0.49375 0.0421875 0.065625
3 0.4359375 0.4640625 0.034375 0.059375
3 0.56953125 0.46328125 0.0328125 0.0609375
3 0.80078125 0.33671875 0.0734375 0.0609375
5 0.23828125 0.49921875 0.0859375 0.1203125
5 0.3375 0.5375 0.090625 0.103125
5 0.47890625 0.51875 0.0578125 0.103125
5 0.634375 0.51875 0.078125 0.14375
5 0.80234375 0.4953125 0.1484375 0.20625
4 0.23046875 0.57578125 0.1140625 0.3109375
4 0.3453125 0.5984375 0.121875 0.290625
4 0.46796875 0.56171875 0.1140625 0.2546875
4 0.615625 0.56796875 0.15625 0.2859375
4 0.79765625 0.5609375 0.2171875 0.51875