5 0.18828125 0.596875 0.1140625 0.221875
5 0.29140625 0.57734375 0.1171875 0.2140625
5 0.39375 0.56953125 0.121875 0.2203125
5 0.60390625 0.5890625 0.0984375 0.20625
5 0.715625 0.57421875 0.10625 0.2015625
3 0.18359375 0.41796875 0.0703125 0.0703125
3 0.2921875 0.4125 0.06875 0.059375
3 0.2546875 0.340625 0.065625 0.0625
3 0.35859375 0.33671875 0.0515625 0.0546875
3 0.3984375 0.3875 0.065625 0.053125
3 0.496875 0.41328125 0.05625 0.0546875
3 0.525 0.35625 0.059375 0.059375
3 0.59921875 0.42578125 0.0515625 0.0640625
3 0.6484375 0.39140625 0.059375 0.0640625
3 0.71328125 0.40703125 0.0703125 0.0671875
3 0.79765625 0.41171875 0.0578125 0.0671875
4 0.1703125 0.69296875 0.146875 0.6109375
4 0.29296875 0.6765625 0.1234375 0.590625
4 0.39765625 0.66796875 0.1203125 0.6203125
4 0.50390625 0.675 0.1265625 0.5625
4 0.35546875 0.37890625 0.0796875 0.1609375
4 0.25390625 0.38828125 0.0671875 0.1703125
4 0.53828125 0.40703125 0.0609375 0.1359375
4 0.6078125 0.68515625 0.109375 0.5578125
4 0.64765625 0.4453125 0.0765625 0.171875
4 0.7203125 0.66640625 0.121875 0.5640625
4 0.83125 0.66796875 0.165625 0.5765625