3 0.22890625 0.33984375 0.1234375 0.1109375
3 0.40078125 0.38046875 0.0953125 0.1078125
3 0.85546875 0.35078125 0.1015625 0.0828125
5 0.19140625 0.640625 0.2765625 0.440625
5 0.38203125 0.61875 0.1859375 0.290625
5 0.72421875 0.60546875 0.1640625 0.2453125
5 0.8625 0.56328125 0.18125 0.2671875
4 0.1703125 0.63671875 0.28125 0.7046875
4 0.384375 0.6546875 0.209375 0.6625
4 0.5796875 0.665625 0.2125 0.625
4 0.734375 0.68125 0.165625 0.621875
4 0.87890625 0.63671875 0.2234375 0.6703125
2 0.571875 0.4203125 0.0875 0.103125