3 0.478125 0.3671875 0.040625 0.053125
3 0.55 0.40546875 0.034375 0.0703125
3 0.59921875 0.415625 0.0328125 0.053125
3 0.66640625 0.3640625 0.0265625 0.053125
3 0.3640625 0.38984375 0.034375 0.0609375
3 0.8421875 0.34765625 0.040625 0.0609375
3 0.4171875 0.37265625 0.034375 0.0421875
3 0.71640625 0.3296875 0.0515625 0.065625
5 0.36484375 0.5421875 0.0546875 0.2
5 0.4171875 0.50234375 0.0625 0.1671875
5 0.48046875 0.5109375 0.0578125 0.2
5 0.54609375 0.55078125 0.0578125 0.2296875
5 0.60703125 0.553125 0.0546875 0.203125
5 0.66953125 0.5125 0.0515625 0.184375
5 0.72578125 0.54296875 0.0921875 0.2859375
5 0.85234375 0.5125 0.0796875 0.228125
4 0.37265625 0.58984375 0.0859375 0.4703125
4 0.41875 0.5640625 0.065625 0.415625
4 0.4859375 0.528125 0.06875 0.3875
4 0.54765625 0.6 0.0640625 0.45
4 0.60625 0.60390625 0.05625 0.4140625
4 0.671875 0.57890625 0.053125 0.4703125
4 0.71796875 0.6515625 0.0984375 0.69375
4 0.84921875 0.6171875 0.0890625 0.609375