3 0.29375 0.38828125 0.128125 0.1390625
3 0.52421875 0.471875 0.0609375 0.065625
3 0.87109375 0.46875 0.0578125 0.065625
3 0.4015625 0.49296875 0.03125 0.0390625
3 0.45625 0.51328125 0.028125 0.0296875
3 0.77734375 0.48359375 0.0390625 0.0453125
3 0.58984375 0.59375 0.0453125 0.059375
3 0.04375 0.4765625 0.046875 0.0375
3 0.36484375 0.44921875 0.0421875 0.0765625
4 0.05 0.65390625 0.078125 0.4078125
4 0.13984375 0.6671875 0.1109375 0.453125
4 0.29921875 0.6546875 0.2796875 0.615625
4 0.5171875 0.71640625 0.11875 0.5640625
4 0.38203125 0.5828125 0.0984375 0.3625
4 0.46640625 0.61328125 0.0734375 0.2515625
4 0.69765625 0.72578125 0.1734375 0.4921875
4 0.78984375 0.6359375 0.0953125 0.36875
4 0.8625 0.5296875 0.1125 0.190625
4 0.91171875 0.72109375 0.1671875 0.5265625
2 0.1609375 0.4765625 0.0625 0.09375
2 0.92421875 0.50546875 0.0734375 0.1234375