3 0.29921875 0.27109375 0.1515625 0.0765625
3 0.66171875 0.19296875 0.1265625 0.0671875
3 0.46875 0.2984375 0.059375 0.0375
3 0.38125 0.33515625 0.06875 0.0296875
3 0.146875 0.2953125 0.05 0.03125
3 0.815625 0.3078125 0.04375 0.025
5 0.259375 0.5109375 0.328125 0.28125
5 0.6625 0.40078125 0.29375 0.2671875
5 0.82890625 0.38515625 0.0640625 0.0953125
5 0.1484375 0.3515625 0.096875 0.0625
5 0.47421875 0.36171875 0.0859375 0.0859375
4 0.2484375 0.615625 0.340625 0.765625
4 0.384375 0.35625 0.078125 0.08125
4 0.47578125 0.42421875 0.1203125 0.3015625
4 0.67109375 0.57265625 0.3296875 0.8453125
4 0.825 0.415625 0.109375 0.278125
4 0.146875 0.321875 0.134375 0.109375
0 0.66484375 0.22265625 0.0921875 0.0265625