5 0.12734375 0.6359375 0.1671875 0.334375
5 0.47421875 0.534375 0.1390625 0.25
5 0.57890625 0.6046875 0.1453125 0.315625
5 0.66484375 0.49375 0.0953125 0.18125
5 0.7890625 0.4796875 0.08125 0.184375
5 0.89296875 0.5546875 0.1890625 0.359375
5 0.1359375 0.9328125 0.2625 0.115625
4 0.14921875 0.6734375 0.2484375 0.609375
4 0.46484375 0.6296875 0.1296875 0.615625
4 0.56875 0.6578125 0.121875 0.659375
4 0.584375 0.3953125 0.078125 0.128125
4 0.66875 0.5703125 0.109375 0.471875
4 0.775 0.5734375 0.1125 0.515625
4 0.875 0.61875 0.234375 0.73125
2 0.11015625 0.415625 0.0828125 0.0875
2 0.57734375 0.40625 0.0546875 0.06875