3 0.78515625 0.3609375 0.0515625 0.071875
3 0.21171875 0.284375 0.0421875 0.06875
3 0.0609375 0.29296875 0.04375 0.0796875
3 0.2625 0.31484375 0.034375 0.0640625
3 0.64140625 0.36328125 0.0328125 0.0640625
3 0.109375 0.29609375 0.040625 0.0734375
3 0.0171875 0.28203125 0.034375 0.0984375
3 0.02734375 0.225 0.0515625 0.071875
4 0.02890625 0.57109375 0.0546875 0.7734375
4 0.06484375 0.53203125 0.0765625 0.6734375
4 0.115625 0.5546875 0.065625 0.603125
4 0.16015625 0.54140625 0.0671875 0.5359375
4 0.21953125 0.509375 0.0953125 0.503125
4 0.2703125 0.4859375 0.053125 0.428125
4 0.64609375 0.5421875 0.0734375 0.45625
4 0.79453125 0.64453125 0.1453125 0.6609375
2 0.16328125 0.334375 0.0296875 0.075