4 0.2859375 0.55703125 0.34375 0.8609375
4 0.55234375 0.5578125 0.2171875 0.821875
4 0.74375 0.58984375 0.23125 0.7765625
4 0.8484375 0.46796875 0.078125 0.3484375
4 0.90859375 0.4796875 0.0734375 0.3625
5 0.3296875 0.5 0.234375 0.453125
5 0.5453125 0.47734375 0.225 0.4078125
5 0.7234375 0.53828125 0.19375 0.3921875
5 0.8484375 0.44609375 0.08125 0.1453125
5 0.9125 0.44765625 0.05 0.1640625
5 0.96328125 0.35 0.0703125 0.18125
3 0.39453125 0.1859375 0.1359375 0.128125
3 0.53359375 0.18203125 0.0890625 0.1359375
3 0.68828125 0.253125 0.1359375 0.103125
3 0.85234375 0.33515625 0.0484375 0.0453125
3 0.91171875 0.32578125 0.0578125 0.0546875