4 0.32265625 0.7359375 0.1640625 0.496875
4 0.20859375 0.73984375 0.1296875 0.5015625
4 0.06171875 0.65234375 0.0796875 0.2078125
4 0.27734375 0.5953125 0.0515625 0.115625
4 0.3890625 0.746875 0.0875 0.465625
4 0.4515625 0.75234375 0.103125 0.4578125
4 0.54375 0.75703125 0.08125 0.4546875
4 0.6359375 0.74296875 0.121875 0.4859375
4 0.74296875 0.74921875 0.1078125 0.4703125
4 0.81796875 0.76796875 0.0609375 0.4390625
4 0.9203125 0.7609375 0.109375 0.46875
3 0.05078125 0.57890625 0.0453125 0.0640625
3 0.2 0.5359375 0.06875 0.078125
3 0.28515625 0.5625 0.0359375 0.05625
3 0.32109375 0.53515625 0.0734375 0.0984375
3 0.375 0.54765625 0.04375 0.0671875
3 0.44140625 0.5515625 0.0484375 0.046875
3 0.55859375 0.56171875 0.0515625 0.0453125
3 0.6203125 0.54453125 0.084375 0.0921875
3 0.74921875 0.540625 0.0546875 0.053125
3 0.81484375 0.5796875 0.0484375 0.053125
3 0.92890625 0.5609375 0.0609375 0.059375
5 0.05546875 0.67421875 0.0671875 0.1390625
5 0.20390625 0.7484375 0.1265625 0.265625
5 0.31953125 0.77890625 0.1328125 0.2796875
5 0.38671875 0.7015625 0.0671875 0.1875
5 0.44140625 0.69140625 0.0828125 0.1796875
5 0.54921875 0.7046875 0.0671875 0.16875
5 0.63671875 0.7625 0.1015625 0.265625
5 0.75390625 0.6953125 0.0890625 0.21875
5 0.8265625 0.73046875 0.0625 0.1984375
5 0.92734375 0.71328125 0.0984375 0.1828125