3 0.303125 0.5515625 0.028125 0.025
5 0.3046875 0.61875 0.046875 0.0875
4 0.30078125 0.65234375 0.0609375 0.2390625
3 0.5875 0.684375 0.046875 0.046875
3 0.14765625 0.68671875 0.0328125 0.0328125
3 0.0703125 0.69140625 0.040625 0.0296875
3 0.046875 0.6921875 0.028125 0.03125
3 0.403125 0.69375 0.040625 0.040625
3 0.28046875 0.69765625 0.0265625 0.0203125
3 0.2203125 0.71015625 0.025 0.0234375
3 0.121875 0.71484375 0.021875 0.0203125
5 0.40625 0.74765625 0.071875 0.0828125
5 0.15546875 0.75546875 0.0578125 0.0921875
5 0.11875 0.76953125 0.04375 0.0734375
5 0.11640625 0.77109375 0.0421875 0.0734375
5 0.59296875 0.77265625 0.0890625 0.1140625
5 0.29140625 0.7734375 0.0453125 0.096875
5 0.23046875 0.77734375 0.0703125 0.0890625
5 0.0609375 0.78046875 0.078125 0.1203125
4 0.11640625 0.7921875 0.0515625 0.171875
4 0.29140625 0.79375 0.0671875 0.228125
4 0.1578125 0.79765625 0.071875 0.2578125
4 0.225 0.8015625 0.071875 0.21875
4 0.06484375 0.80703125 0.0609375 0.2640625
4 0.409375 0.81796875 0.08125 0.2984375
4 0.5859375 0.82578125 0.11875 0.3453125