5 0.1703125 0.446875 0.0375 0.046875
5 0.24765625 0.64453125 0.0421875 0.0390625
5 0.58359375 0.58125 0.0515625 0.08125
5 0.6140625 0.68359375 0.0375 0.0671875
5 0.6578125 0.72109375 0.05 0.0765625
5 0.83515625 0.696875 0.0546875 0.0875
3 0.8328125 0.63203125 0.028125 0.0390625
3 0.66171875 0.66328125 0.0296875 0.0328125
3 0.59921875 0.528125 0.0265625 0.034375
4 0.17265625 0.46484375 0.0640625 0.1671875
4 0.24609375 0.665625 0.0890625 0.18125
4 0.5890625 0.603125 0.05625 0.196875
4 0.61328125 0.7109375 0.0609375 0.2
4 0.6640625 0.73671875 0.06875 0.1796875
4 0.83828125 0.7140625 0.0671875 0.2
4 0.86328125 0.56171875 0.0546875 0.1765625
2 0.62578125 0.6296875 0.0265625 0.025