5 0.15078125 0.3484375 0.0953125 0.165625
5 0.38828125 0.28046875 0.1015625 0.1578125
5 0.58671875 0.44921875 0.1265625 0.2234375
5 0.825 0.44375 0.128125 0.225
5 0.73046875 0.40703125 0.1171875 0.1921875
5 0.890625 0.409375 0.09375 0.209375
3 0.44296875 0.19453125 0.0546875 0.0671875
3 0.59375 0.27265625 0.065625 0.0640625
3 0.803125 0.28125 0.075 0.065625
3 0.85546875 0.25703125 0.0609375 0.0609375
4 0.13515625 0.440625 0.1296875 0.421875
4 0.40390625 0.37734375 0.1390625 0.4359375
4 0.5828125 0.5359375 0.19375 0.590625
4 0.72265625 0.5265625 0.1390625 0.5875
4 0.821875 0.5421875 0.171875 0.5875
4 0.87734375 0.4875 0.1203125 0.534375