3 0.0328125 0.26484375 0.053125 0.0734375
3 0.115625 0.32265625 0.053125 0.0859375
3 0.203125 0.23671875 0.05625 0.0953125
3 0.27890625 0.3046875 0.0546875 0.090625
3 0.34765625 0.21796875 0.0578125 0.0828125
3 0.440625 0.2359375 0.05625 0.078125
3 0.5140625 0.2390625 0.046875 0.084375
3 0.59921875 0.2734375 0.0578125 0.078125
3 0.69921875 0.2234375 0.0546875 0.078125
3 0.775 0.14921875 0.0625 0.0953125
3 0.8296875 0.184375 0.046875 0.0875
3 0.8671875 0.2140625 0.059375 0.084375
3 0.940625 0.190625 0.084375 0.1125
5 0.1265625 0.52265625 0.0875 0.2640625
5 0.20390625 0.4609375 0.1015625 0.3
5 0.27578125 0.50390625 0.0796875 0.2578125
5 0.3515625 0.4484375 0.10625 0.271875
5 0.44609375 0.45625 0.0953125 0.3125
5 0.52109375 0.45 0.0859375 0.284375
5 0.60703125 0.47109375 0.0921875 0.2734375
5 0.7015625 0.459375 0.09375 0.303125
5 0.78671875 0.40703125 0.1015625 0.3203125
5 0.8640625 0.4875 0.071875 0.34375
5 0.9421875 0.48515625 0.1125 0.3765625
4 0.04375 0.61015625 0.08125 0.7640625
4 0.12890625 0.628125 0.1109375 0.696875
4 0.2171875 0.58515625 0.128125 0.7765625
4 0.28203125 0.61171875 0.0921875 0.7234375
4 0.346875 0.58203125 0.10625 0.8109375
4 0.43828125 0.58671875 0.0921875 0.7828125
4 0.52265625 0.57421875 0.1171875 0.7796875
4 0.61328125 0.61015625 0.1109375 0.7515625
4 0.7109375 0.58046875 0.125 0.8046875
4 0.790625 0.54375 0.125 0.884375
4 0.8671875 0.559375 0.1 0.803125
4 0.940625 0.53359375 0.115625 0.8453125