3 0.06953125 0.296875 0.0859375 0.084375
3 0.2984375 0.2765625 0.06875 0.0875
3 0.36953125 0.203125 0.0953125 0.103125
3 0.54921875 0.2328125 0.0890625 0.09375
3 0.86875 0.190625 0.08125 0.109375
4 0.06015625 0.62265625 0.1140625 0.7421875
4 0.2703125 0.60234375 0.1125 0.7640625
4 0.36015625 0.57578125 0.1265625 0.8296875
4 0.58515625 0.58203125 0.2203125 0.8234375
4 0.77890625 0.57578125 0.1703125 0.7984375
4 0.89140625 0.56328125 0.1609375 0.8484375
4 0.1453125 0.54609375 0.05625 0.1890625
4 0.96328125 0.553125 0.0703125 0.484375