4 0.21640625 0.53515625 0.1546875 0.6171875
4 0.38203125 0.53828125 0.1453125 0.6640625
4 0.528125 0.52890625 0.165625 0.6734375
4 0.7015625 0.5265625 0.178125 0.66875
4 0.8703125 0.5421875 0.16875 0.6875
5 0.22265625 0.44921875 0.1140625 0.2703125
5 0.38671875 0.45078125 0.1265625 0.2484375
5 0.5234375 0.434375 0.134375 0.24375
5 0.696875 0.41328125 0.13125 0.2296875
5 0.871875 0.4453125 0.140625 0.26875
3 0.234375 0.2609375 0.059375 0.06875
3 0.37734375 0.259375 0.0671875 0.078125
3 0.521875 0.246875 0.065625 0.06875
3 0.6859375 0.25078125 0.075 0.0734375
3 0.8625 0.2484375 0.065625 0.065625