4 0.1046875 0.63046875 0.20625 0.7203125
4 0.27265625 0.625 0.1328125 0.565625
4 0.334375 0.59140625 0.184375 0.6546875
4 0.48046875 0.6015625 0.2828125 0.71875
4 0.70625 0.57265625 0.271875 0.8328125
4 0.8796875 0.571875 0.2375 0.840625
3 0.1421875 0.3453125 0.146875 0.1375
3 0.521875 0.321875 0.146875 0.178125
3 0.2890625 0.39140625 0.1 0.1140625
3 0.3828125 0.3359375 0.109375 0.128125
3 0.66640625 0.2390625 0.1390625 0.14375
3 0.88828125 0.24609375 0.2171875 0.1890625
5 0.71875 0.5859375 0.203125 0.43125
5 0.903125 0.68984375 0.19375 0.5984375