3 0.03359375 0.65234375 0.0265625 0.0234375
3 0.31875 0.61953125 0.065625 0.0703125
3 0.38984375 0.63359375 0.0453125 0.0359375
3 0.590625 0.615625 0.065625 0.071875
3 0.73046875 0.56640625 0.0703125 0.0703125
3 0.8390625 0.5765625 0.084375 0.0625
3 0.53203125 0.63515625 0.0390625 0.0390625
3 0.67265625 0.625 0.0484375 0.059375
3 0.9125 0.57265625 0.046875 0.0421875
5 0.03203125 0.71171875 0.0484375 0.0796875
5 0.29765625 0.77734375 0.1078125 0.2453125
5 0.38359375 0.7296875 0.0515625 0.14375
5 0.52890625 0.71640625 0.0546875 0.1203125
5 0.59140625 0.7859375 0.1234375 0.24375
5 0.7453125 0.7390625 0.146875 0.240625
5 0.6640625 0.74296875 0.06875 0.1734375
5 0.86328125 0.77265625 0.1109375 0.2703125
5 0.91953125 0.675 0.0828125 0.14375
4 0.03828125 0.72421875 0.0671875 0.1734375
4 0.29921875 0.78359375 0.1390625 0.4046875
4 0.3953125 0.77109375 0.090625 0.3265625
4 0.52734375 0.7625 0.0671875 0.309375
4 0.60234375 0.790625 0.1296875 0.409375
4 0.67265625 0.746875 0.0765625 0.296875
4 0.7375 0.7578125 0.153125 0.4625
4 0.8515625 0.7453125 0.15625 0.41875
4 0.9109375 0.72109375 0.109375 0.3578125