3 0.21796875 0.553125 0.0703125 0.059375
3 0.32734375 0.58671875 0.0515625 0.0640625
3 0.42265625 0.61171875 0.0609375 0.0734375
3 0.51328125 0.57109375 0.0515625 0.0671875
3 0.45703125 0.60859375 0.0359375 0.0640625
3 0.678125 0.60234375 0.05 0.0796875
5 0.2046875 0.68515625 0.109375 0.1765625
5 0.3203125 0.6828125 0.084375 0.146875
5 0.3953125 0.72890625 0.0875 0.1765625
5 0.4578125 0.725 0.059375 0.15625
5 0.50390625 0.659375 0.0671875 0.146875
5 0.65234375 0.68828125 0.1046875 0.1671875
3 0.42265625 0.225 0.0203125 0.021875
3 0.47734375 0.2265625 0.0234375 0.01875
5 0.4140625 0.26640625 0.03125 0.0515625
5 0.43671875 0.2671875 0.0265625 0.053125
5 0.47890625 0.26953125 0.0359375 0.0578125
4 0.4125 0.2953125 0.03125 0.165625
4 0.43828125 0.29375 0.0328125 0.153125
4 0.48046875 0.29375 0.0484375 0.15625
4 0.20703125 0.74609375 0.1359375 0.4703125
4 0.3140625 0.75078125 0.121875 0.4078125
4 0.39609375 0.76015625 0.1078125 0.4046875
4 0.4625 0.77578125 0.0875 0.4046875
4 0.51015625 0.71796875 0.0984375 0.3765625
4 0.6453125 0.68828125 0.171875 0.2921875
4 0.92421875 0.315625 0.0328125 0.0875