5 0.12421875 0.3984375 0.1171875 0.234375
5 0.2109375 0.46640625 0.134375 0.2546875
5 0.296875 0.39921875 0.103125 0.2078125
5 0.375 0.4421875 0.115625 0.23125
5 0.49765625 0.43671875 0.1140625 0.2203125
5 0.60390625 0.50546875 0.1015625 0.2359375
5 0.7234375 0.42109375 0.125 0.2078125
5 0.828125 0.45390625 0.15 0.2390625
3 0.134375 0.20859375 0.06875 0.0828125
3 0.21015625 0.25859375 0.0703125 0.0640625
3 0.30234375 0.221875 0.0546875 0.065625
3 0.37421875 0.2515625 0.0609375 0.075
3 0.48828125 0.2546875 0.0640625 0.075
3 0.59765625 0.303125 0.0671875 0.071875
3 0.72578125 0.23828125 0.0609375 0.0734375
3 0.81875 0.26015625 0.08125 0.0796875
4 0.11484375 0.52890625 0.1328125 0.7515625
4 0.2140625 0.553125 0.121875 0.696875
4 0.296875 0.51171875 0.09375 0.6640625
4 0.3796875 0.540625 0.1375 0.671875
4 0.50625 0.55078125 0.15 0.6703125
4 0.6046875 0.58671875 0.13125 0.6453125
4 0.71875 0.5390625 0.153125 0.665625
4 0.84375 0.5890625 0.190625 0.76875
0 0.48671875 0.28125 0.0390625 0.021875
0 0.8140625 0.2890625 0.046875 0.028125