4 0.61484375 0.19140625 0.1203125 0.2671875
4 0.23828125 0.196875 0.1078125 0.275
4 0.88359375 0.209375 0.1640625 0.309375
2 0.140625 0.2125 0.09375 0.146875
4 0.465625 0.215625 0.11875 0.296875
2 0.690625 0.23203125 0.084375 0.1296875
4 0.69609375 0.3515625 0.1546875 0.375
4 0.42265625 0.35546875 0.1484375 0.4046875
4 0.128125 0.35859375 0.196875 0.4109375
2 0.3234375 0.4171875 0.134375 0.25
2 0.6828125 0.0421875 0.059375 0.078125
2 0.59765625 0.421875 0.1203125 0.178125
4 0.63125 0.60859375 0.26875 0.5109375
4 0.32421875 0.609375 0.2890625 0.621875
2 0.22890625 0.1109375 0.0765625 0.128125
2 0.87109375 0.1109375 0.0859375 0.10625
2 0.45625 0.1171875 0.059375 0.1
2 0.628125 0.11796875 0.065625 0.1140625