5 0.334375 0.35234375 0.078125 0.1890625
5 0.4015625 0.38359375 0.0875 0.2015625
5 0.5328125 0.396875 0.08125 0.19375
5 0.81484375 0.43203125 0.1296875 0.2671875
3 0.13515625 0.48125 0.0828125 0.109375
3 0.26484375 0.44609375 0.0703125 0.0953125
3 0.3234375 0.2078125 0.046875 0.05625
3 0.5265625 0.253125 0.053125 0.059375
3 0.80390625 0.25703125 0.0765625 0.0984375
3 0.41796875 0.24296875 0.0671875 0.0703125
4 0.1078125 0.63046875 0.1625 0.4140625
4 0.228125 0.5671875 0.1375 0.365625
4 0.32578125 0.41640625 0.0890625 0.4953125
4 0.396875 0.4609375 0.078125 0.51875
4 0.52421875 0.3859375 0.0953125 0.33125
4 0.81015625 0.52890625 0.2015625 0.6421875