3 0.7609375 0.52578125 0.046875 0.0671875
3 0.34453125 0.25859375 0.0265625 0.0328125
3 0.89609375 0.15625 0.0421875 0.05625
3 0.61953125 0.58359375 0.0484375 0.0734375
3 0.37265625 0.534375 0.0453125 0.04375
5 0.34296875 0.3171875 0.0453125 0.075
5 0.353125 0.61171875 0.05625 0.1015625
5 0.57109375 0.6796875 0.0828125 0.1375
5 0.765625 0.6359375 0.1 0.146875
5 0.915625 0.2515625 0.0875 0.140625
4 0.36484375 0.58671875 0.0890625 0.1546875
4 0.34453125 0.371875 0.0765625 0.2375
4 0.4890625 0.3578125 0.071875 0.196875
4 0.58203125 0.665625 0.1140625 0.221875
4 0.77421875 0.66640625 0.1171875 0.3359375
4 0.9140625 0.32109375 0.1 0.3921875