5 0.19140625 0.50859375 0.1734375 0.3015625
5 0.34453125 0.48984375 0.1359375 0.2578125
5 0.4625 0.47109375 0.121875 0.2203125
5 0.60078125 0.46328125 0.1359375 0.2296875
5 0.8046875 0.4984375 0.134375 0.253125
3 0.22421875 0.278125 0.1046875 0.071875
3 0.37109375 0.30625 0.0734375 0.078125
3 0.45 0.29921875 0.078125 0.0734375
3 0.575 0.284375 0.090625 0.071875
3 0.79921875 0.29140625 0.0984375 0.0765625
4 0.17578125 0.6078125 0.2140625 0.7625
4 0.33828125 0.59453125 0.1546875 0.6546875
4 0.475 0.58671875 0.1875 0.6890625
4 0.6140625 0.58359375 0.190625 0.7046875
4 0.82109375 0.603125 0.2328125 0.740625