5 0.4234375 0.7328125 0.15 0.31875
5 0.853125 0.21484375 0.05625 0.0921875
5 0.7734375 0.178125 0.021875 0.04375
4 0.17578125 0.61484375 0.1484375 0.2171875
4 0.40078125 0.7109375 0.2203125 0.540625
4 0.8515625 0.25 0.059375 0.234375
4 0.8796875 0.20234375 0.021875 0.1234375
4 0.7734375 0.19609375 0.034375 0.1390625
3 0.37578125 0.50390625 0.0890625 0.1265625
3 0.134375 0.653125 0.090625 0.128125
3 0.85546875 0.1546875 0.0296875 0.040625
3 0.77421875 0.1421875 0.0234375 0.040625
3 0.87578125 0.15390625 0.0203125 0.0296875