3 0.05859375 0.76328125 0.0515625 0.0640625
3 0.14375 0.43828125 0.046875 0.0484375
3 0.70859375 0.434375 0.0484375 0.059375
3 0.89453125 0.56484375 0.0421875 0.0734375
3 0.97109375 0.4625 0.0484375 0.06875
3 0.21875 0.1375 0.028125 0.0375
3 0.240625 0.17734375 0.021875 0.0265625
3 0.11484375 0.22578125 0.0390625 0.0390625
4 0.04921875 0.83203125 0.0984375 0.2234375
4 0.16171875 0.56171875 0.1203125 0.3296875
4 0.2578125 0.21796875 0.0625 0.1390625
4 0.6921875 0.56328125 0.121875 0.3359375
4 0.82890625 0.65234375 0.1671875 0.2484375
4 0.94765625 0.52890625 0.0953125 0.2109375
4 0.2609375 0.22265625 0.071875 0.1328125
4 0.21875 0.20078125 0.040625 0.1765625
4 0.11328125 0.296875 0.0671875 0.1875