3 0.16953125 0.35390625 0.0546875 0.0484375
3 0.37109375 0.37421875 0.0546875 0.0515625
3 0.13515625 0.4421875 0.0234375 0.046875
3 0.44765625 0.3203125 0.0578125 0.05625
3 0.56484375 0.30234375 0.0515625 0.0484375
3 0.7078125 0.2609375 0.05625 0.05625
5 0.1703125 0.475 0.078125 0.146875
5 0.36484375 0.49453125 0.0734375 0.1578125
5 0.4453125 0.446875 0.096875 0.16875
5 0.56171875 0.43125 0.0984375 0.16875
5 0.71796875 0.409375 0.1171875 0.19375
4 0.103125 0.553125 0.09375 0.284375
4 0.16875 0.5078125 0.103125 0.375
4 0.25234375 0.51328125 0.1015625 0.3953125
4 0.3671875 0.54609375 0.096875 0.4109375
4 0.45 0.49765625 0.125 0.4390625
4 0.58125 0.496875 0.1625 0.45
4 0.72890625 0.47421875 0.1359375 0.5046875