3 0.2828125 0.53203125 0.046875 0.0484375
3 0.35078125 0.54921875 0.0390625 0.0390625
3 0.42265625 0.54296875 0.0390625 0.0390625
3 0.56796875 0.58359375 0.0390625 0.0359375
3 0.6296875 0.54453125 0.040625 0.0484375
3 0.69921875 0.54765625 0.0453125 0.0421875
4 0.2765625 0.7359375 0.1 0.44375
4 0.3578125 0.7359375 0.084375 0.4375
4 0.42578125 0.73125 0.0890625 0.459375
4 0.490625 0.74609375 0.09375 0.4171875
4 0.56796875 0.75390625 0.0890625 0.4015625
4 0.6359375 0.740625 0.071875 0.446875
4 0.709375 0.74609375 0.09375 0.4703125