3 0.3828125 0.51640625 0.05 0.0671875
3 0.57734375 0.44609375 0.0640625 0.0734375
3 0.53046875 0.540625 0.0265625 0.021875
3 0.62890625 0.434375 0.0578125 0.0375
5 0.38359375 0.58046875 0.0859375 0.0984375
5 0.59921875 0.56484375 0.0921875 0.1734375
5 0.65390625 0.53671875 0.0828125 0.1421875
5 0.54296875 0.584375 0.0421875 0.06875
5 0.525 0.596875 0.028125 0.046875
5 0.49921875 0.63984375 0.0234375 0.0265625
4 0.39765625 0.6578125 0.1328125 0.41875
4 0.6 0.6625 0.11875 0.525
4 0.6625 0.628125 0.128125 0.45625
4 0.54921875 0.61953125 0.0578125 0.1828125
4 0.51796875 0.62734375 0.0453125 0.1484375
4 0.49921875 0.634375 0.0265625 0.053125