4 0.353125 0.62578125 0.134375 0.5171875
4 0.2921875 0.64453125 0.078125 0.4015625
4 0.40703125 0.65 0.0734375 0.390625
4 0.50546875 0.6453125 0.1109375 0.51875
4 0.44453125 0.61953125 0.0578125 0.4296875
4 0.55390625 0.65234375 0.0421875 0.3515625
4 0.59375 0.64453125 0.0625 0.3984375
4 0.62421875 0.64140625 0.0828125 0.4171875
4 0.70234375 0.6203125 0.1171875 0.49375
3 0.29921875 0.47109375 0.0390625 0.0484375
3 0.35703125 0.40390625 0.0453125 0.0640625
3 0.4890625 0.41015625 0.05 0.0515625
3 0.465625 0.43046875 0.028125 0.0515625
3 0.55625 0.5015625 0.03125 0.046875
3 0.603125 0.4703125 0.040625 0.05
3 0.64140625 0.4515625 0.0390625 0.0625
3 0.6984375 0.403125 0.05 0.05625
3 0.35234375 0.55703125 0.1328125 0.2234375
3 0.2890625 0.60078125 0.06875 0.1640625
3 0.4171875 0.58359375 0.053125 0.1828125
3 0.490625 0.56953125 0.1125 0.1921875
3 0.58359375 0.5890625 0.0546875 0.153125
3 0.628125 0.58125 0.065625 0.178125
3 0.69453125 0.5515625 0.1140625 0.20625