4 0.36328125 0.653125 0.1796875 0.665625
4 0.42734375 0.5859375 0.1390625 0.596875
4 0.60546875 0.6046875 0.1265625 0.646875
4 0.75703125 0.63046875 0.1546875 0.7046875
5 0.3296875 0.53828125 0.1125 0.2390625
5 0.40546875 0.490625 0.0984375 0.228125
5 0.62109375 0.48203125 0.1109375 0.1921875
5 0.76875 0.52578125 0.128125 0.2609375
5 0.865625 0.61015625 0.028125 0.0515625
5 0.4578125 0.7171875 0.025 0.053125
3 0.3453125 0.36484375 0.0875 0.0828125
3 0.41015625 0.32890625 0.0859375 0.0734375
3 0.60703125 0.31953125 0.0703125 0.0578125
3 0.74140625 0.3359375 0.0921875 0.10625
4 0.8671875 0.63203125 0.053125 0.1328125
4 0.4609375 0.690625 0.04375 0.109375
4 0.83359375 0.58046875 0.0359375 0.1078125