3 0.034375 0.76484375 0.025 0.0265625
3 0.34765625 0.63359375 0.0109375 0.0140625
3 0.4890625 0.73515625 0.015625 0.0203125
3 0.4296875 0.76640625 0.0125 0.0265625
3 0.584375 0.70625 0.015625 0.021875
5 0.03671875 0.81484375 0.0296875 0.0640625
5 0.34453125 0.65703125 0.0140625 0.0421875
5 0.49609375 0.67421875 0.0171875 0.0359375
5 0.5390625 0.67734375 0.01875 0.0421875
5 0.75078125 0.3828125 0.0171875 0.03125
5 0.78046875 0.390625 0.0171875 0.03125
3 0.475 0.36484375 0.0125 0.0140625
3 0.7515625 0.35859375 0.00625 0.0140625
3 0.78046875 0.36640625 0.0109375 0.0140625
4 0.0390625 0.846875 0.05 0.1875
4 0.28359375 0.684375 0.0296875 0.084375
4 0.425 0.8109375 0.040625 0.125
4 0.34921875 0.66328125 0.0390625 0.1015625
4 0.48984375 0.759375 0.0234375 0.08125
4 0.5875 0.74609375 0.040625 0.1046875
4 0.49921875 0.6890625 0.0171875 0.08125
4 0.5328125 0.69609375 0.028125 0.1015625
4 0.58046875 0.646875 0.0234375 0.090625
4 0.62734375 0.63203125 0.0265625 0.0640625
4 0.94375 0.7390625 0.03125 0.115625
4 0.7515625 0.3953125 0.025 0.096875
4 0.7828125 0.39609375 0.03125 0.0765625
4 0.471875 0.40078125 0.025 0.1203125
4 0.4984375 0.396875 0.028125 0.065625